0.000000 0.000000 0.000000 0.000000 0.000000 0.000000 0.000000 0.000000 0.000000
359.324000 0.098000 -0.190000 -0.009500 0.023000 -9.779300 0.003800 0.016000 0.034100
359.323000 0.098000 -0.190000 0.030800 0.040200 -9.828100 0.000400 0.014200 -0.000700
359.324000 0.098000 -0.190000 0.036500 0.030100 -9.787800 0.008600 0.003900 -0.004100
359.324000 0.099000 -0.190000 0.000800 0.036800 -9.787000 -0.000300 -0.002800 -0.008200
359.324000 0.099000 -0.190000 0.002200 0.036300 -9.808100 0.001400 0.005700 -0.005000
359.324000 0.099000 -0.190000 0.011300 0.034400 -9.804400 0.003400 0.005500 -0.003000
359.324000 0.099000 -0.190000 0.023500 0.042300 -9.796600 0.004500 -0.003600 -0.001700
359.324000 0.099000 -0.190000 0.011400 0.040200 -9.800900 0.002900 0.002700 -0.001900
359.324000 0.099000 -0.190000 0.013500 0.047400 -9.798000 0.000800 0.000000 0.000400
